6855.850136 -17335.497188
6858.021987 -17226.725112
6863.628749 -17221.816508
6872.239206 -17217.515892
6882.928872 -17211.118931
6895.752303 -17211.051150
6906.810549 -17193.550322
6920.747057 -17192.235429
6934.535719 -17191.398019
6947.356007 -17191.327392
6960.217099 -17191.234752
6973.430338 -17191.186962
6988.528099 -17190.786097
7006.000004 -17189.822447
7019.570565 -17189.798385
7029.386276 -17189.798385
7043.033323 -17189.543320
7054.338029 -17189.543320
7069.011981 -17189.543320
7085.087100 -17189.543320
7096.106186 -17189.543320
