7623.362825 -17290.360625
7625.714590 -17202.145259
7631.598607 -17200.005360
7641.283995 -17199.989282
7650.662823 -17195.186427
7661.087528 -17194.495352
7672.302092 -17194.031829
7683.088057 -17192.540309
7693.457428 -17192.410576
7704.094180 -17192.233233
7715.062437 -17192.196023
7724.544158 -17192.196023
7737.596120 -17192.196023
7753.964987 -17191.961361
7765.236975 -17191.348435
7775.922430 -17190.434289
7785.448485 -17190.434289
7799.025394 -17190.434289
7816.777818 -17190.434289
7830.175122 -17190.434289
