5734.611164 -17250.406671
5736.856588 -17207.319782
5743.188437 -17205.358486
5753.536008 -17205.354805
5763.334989 -17193.220786
5775.549944 -17191.163251
5786.423182 -17190.510364
5797.756673 -17190.425291
5809.253140 -17190.365130
5820.875289 -17190.084936
5832.111304 -17189.756173
5843.761351 -17189.755377
5853.347993 -17189.755377
5867.251981 -17189.755377
5883.336521 -17189.574175
5895.303809 -17188.915054
5905.289203 -17188.915054
5919.824233 -17188.915054
5935.652616 -17188.915054
5946.475686 -17188.915054
