9718.787420 -17325.498017
9721.147407 -17224.131305
9727.371173 -17209.605858
9736.368365 -17206.973851
9747.519840 -17205.679001
9760.592165 -17205.425249
9771.052918 -17195.056241
9784.964348 -17193.361222
9797.416517 -17193.275600
9811.960668 -17193.004130
9825.431498 -17192.998115
9835.712986 -17192.777846
9846.961619 -17192.777846
9864.258571 -17192.636057
9875.885100 -17192.492160
9887.264037 -17192.184806
9897.234093 -17192.184806
9911.141156 -17192.184806
9927.320046 -17192.184806
9939.354336 -17191.925068
9951.197004 -17191.925068
9966.511963 -17191.925068
9982.302328 -17191.925068
9994.516404 -17191.925068
