15838.597351 -17277.476035
15841.161257 -17204.065507
15849.153216 -17204.047032
15858.965151 -17197.563940
15869.336333 -17193.406146
15878.095209 -17193.077635
15888.148065 -17190.425603
15897.959590 -17190.036318
15907.742196 -17189.864519
15916.843370 -17189.810931
15927.751763 -17189.788380
15939.916394 -17189.788380
15956.055946 -17189.499292
15968.848595 -17188.630728
15980.674984 -17188.291915
15991.934704 -17188.291915
16009.120103 -17188.009643
16022.229000 -17188.009643
16039.145903 -17187.672136
16052.000394 -17187.672136
16068.814336 -17187.672136
16087.678309 -17187.672136
16105.061343 -17187.672136
