16824.134372 -17259.197325
16826.771518 -17212.378640
16834.128772 -17204.287374
16846.147688 -17204.199114
16863.287861 -17204.156923
16886.923477 -17194.208661
16911.096453 -17192.432126
16930.806376 -17192.104684
16947.294468 -17191.923446
16964.751102 -17191.829208
16982.752580 -17191.807649
16996.182935 -17190.619244
17008.944349 -17189.769056
17020.332267 -17189.769056
17037.776188 -17189.696873
17050.876212 -17189.696873
17069.147254 -17189.696873
17089.888210 -17189.696873
17105.622952 -17189.696873
