3710.893353 -17321.399989
3712.923422 -17214.656797
3719.144645 -17208.445308
3728.962787 -17204.157485
3741.308708 -17203.983424
3753.085704 -17196.584295
3765.882869 -17194.166960
3780.509183 -17192.284457
3794.562734 -17191.426151
3808.491925 -17191.209007
3821.755247 -17190.439674
3835.769658 -17188.825276
3849.771465 -17188.821205
3861.409424 -17188.821205
3877.300702 -17188.821205
3897.979164 -17188.821205
3915.628187 -17188.391325
3931.064574 -17188.367220
3943.742352 -17188.024558
3954.527297 -17188.024558
3967.578616 -17188.024558
3983.606428 -17188.024558
3996.728118 -17188.024558
