2074.752800 -17318.163457
2076.871466 -17218.093778
2082.951173 -17210.294788
2093.476269 -17210.279018
2102.967173 -17196.096313
2114.153037 -17191.293354
2124.873057 -17191.267539
2133.933510 -17191.267539
2147.692768 -17190.767651
2158.776108 -17190.767651
2172.539922 -17190.767651
2188.379904 -17190.361052
2199.945378 -17190.328879
2209.754062 -17190.328879
2222.891929 -17190.328879
2238.649034 -17189.987937
2250.800882 -17189.881852
2261.240501 -17189.881852
2276.030657 -17189.881852
2292.316877 -17189.881852
2308.629840 -17189.881852
