2553.718281 -17309.938956
2556.053050 -17210.245179
2561.809161 -17209.906641
2570.676062 -17209.901512
2580.192773 -17195.465682
2591.646951 -17194.255437
2602.508194 -17194.245017
2613.588112 -17194.244956
2623.256064 -17193.448853
2633.232505 -17192.870007
2643.452579 -17192.499855
2653.053901 -17192.499855
2666.073410 -17192.499855
2682.771560 -17191.637877
2695.623848 -17191.579029
2706.299100 -17191.579029
2719.590477 -17191.274971
2731.081498 -17191.274971
2745.464444 -17191.159283
2756.571524 -17191.159283
2770.609817 -17191.159283
2784.641923 -17191.159283
2798.566981 -17191.159283
