2522.376803 -17287.002639
2524.788296 -17217.387468
2530.579985 -17208.345325
2539.363767 -17206.319799
2551.011520 -17206.301380
2561.797827 -17194.429997
2574.359489 -17193.661990
2587.076837 -17193.349657
2601.769942 -17193.133606
2614.535389 -17192.996831
2630.602065 -17192.974342
2642.510823 -17192.974342
2657.159138 -17192.974342
2675.003044 -17192.645319
2686.816394 -17192.503340
2696.799711 -17192.463870
2707.775127 -17192.387413
2717.422121 -17192.387413
2729.988463 -17192.387413
2745.116916 -17192.387413
2757.686624 -17192.387413
