13390.182080 -17279.342760
13392.490119 -17218.354779
13399.095300 -17207.505942
13410.649993 -17207.498742
13422.449952 -17201.905953
13436.723324 -17198.801965
13449.113375 -17198.178939
13460.094328 -17198.065282
13472.574361 -17195.487137
13483.785031 -17195.360482
13496.658854 -17193.732453
13509.281717 -17192.494552
13522.412567 -17189.932074
13533.651881 -17189.613816
13544.605515 -17189.257910
13555.540375 -17189.204509
13564.922308 -17189.204509
13578.139982 -17189.204509
13594.261882 -17189.204509
13606.274184 -17189.204509
