9438.818253 -17309.778100
9442.373509 -17224.424549
9452.403130 -17206.695378
9466.322090 -17203.880598
9487.518871 -17203.878043
9506.227374 -17193.605689
9527.218607 -17193.222644
9546.142287 -17193.034905
9563.196846 -17192.749485
9581.886057 -17192.730685
9593.972936 -17192.730685
9610.679598 -17192.655287
9627.646393 -17192.387794
9640.839275 -17192.078195
9653.324284 -17190.866221
9667.680136 -17190.866221
9688.220843 -17190.866221
9698.757241 -17190.634664
9716.291372 -17190.474890
9728.497886 -17190.474890
9744.648274 -17190.474890
9764.836226 -17190.474890
9781.468328 -17190.474890
