3498.891594 -17309.764670
3500.994703 -17214.778291
3507.156776 -17206.516527
3517.670536 -17206.494071
3527.157114 -17193.156524
3537.474919 -17192.900054
3547.967017 -17192.884898
3559.162391 -17192.663705
3570.004542 -17192.606863
3579.326907 -17192.606863
3592.637080 -17192.375477
3603.839173 -17192.353540
3615.469127 -17192.353540
3630.953798 -17191.892179
3644.531312 -17191.338216
3658.629097 -17190.183243
3667.783967 -17190.183243
3680.748410 -17190.183243
3697.707865 -17190.183243
3709.271371 -17190.183243
