17840.312080 -17272.490642
17842.611567 -17207.583650
17849.796781 -17207.553312
17857.665966 -17200.202370
17866.110785 -17197.700039
17872.964758 -17197.657001
17880.239057 -17197.634854
17887.814879 -17197.620153
17897.597152 -17197.620153
17912.631154 -17196.357036
17923.765342 -17196.323841
17933.603350 -17196.323841
17947.259112 -17196.323841
17966.463946 -17195.701303
17977.961755 -17194.817209
17988.343214 -17194.817209
18003.548403 -17194.806746
18015.429999 -17194.806746
18031.209234 -17194.806746
18048.932190 -17194.806746
18056.571781 -17194.806746
