12830.199821 -17290.589763
12833.204431 -17213.928554
12842.924678 -17213.864454
12854.057859 -17197.345798
12864.296985 -17197.308065
12877.454124 -17197.291674
12892.279507 -17197.291674
12910.972854 -17194.745197
12931.146523 -17189.226675
12948.047492 -17188.481244
12964.766999 -17188.416500
12982.522287 -17188.416500
13004.911305 -17188.416500
13031.900750 -17188.213427
13049.345368 -17187.903678
13064.139737 -17187.528263
13076.015850 -17187.516423
13088.390654 -17187.516423
13104.376101 -17187.516423
13123.782066 -17187.516423
13140.037536 -17187.516423
