17175.612928 -17265.079264
17177.849094 -17216.850325
17183.649989 -17203.484953
17192.722404 -17202.036009
17204.656041 -17202.033979
17215.917989 -17195.978973
17229.077381 -17195.113494
17241.452008 -17195.097565
17254.482447 -17195.022057
17264.409179 -17194.875148
17273.620636 -17194.875148
17286.142278 -17193.994838
17297.278146 -17193.082077
17306.689958 -17193.046169
17317.345827 -17192.564290
17326.768876 -17192.564290
17340.035720 -17192.564290
17356.597270 -17192.564290
17369.906315 -17192.564290
