14706.034396 -17292.734248
14708.285832 -17205.095836
14714.508273 -17205.068670
14724.763225 -17205.042118
14734.991220 -17196.267239
14745.595963 -17196.112693
14756.153933 -17195.974257
14767.104847 -17195.906766
14778.307662 -17195.685559
14789.966750 -17195.679925
14799.137637 -17195.679925
14813.044927 -17195.679925
14829.417479 -17194.774562
14841.090867 -17194.477572
14851.278966 -17194.461880
14860.754381 -17194.461880
14874.459853 -17194.461880
14890.000091 -17194.461880
14902.902670 -17194.461880
