18553.120582 -17289.475722
18556.005958 -17224.493010
18563.437549 -17211.676388
18576.104891 -17210.155211
18591.447391 -17209.994840
18603.807119 -17196.916348
18618.210607 -17196.772165
18638.034194 -17196.617537
18653.705181 -17196.539931
18670.397024 -17196.132732
18687.792286 -17194.863686
18703.740864 -17194.579159
18719.633744 -17194.099245
18735.220271 -17194.010132
18750.550686 -17193.867512
18766.040697 -17193.856252
18778.620607 -17193.856252
18798.145917 -17193.856252
18820.299513 -17193.089043
18835.175449 -17191.756804
18847.276457 -17191.177479
18858.755082 -17191.177479
18875.283090 -17190.433032
18889.780297 -17189.553675
18901.138631 -17189.553675
18917.461763 -17189.553675
18938.459096 -17189.553675
18954.157968 -17189.553675
