4441.259499 -17295.815715
4443.489143 -17216.543840
4450.215143 -17216.528295
4460.383172 -17204.722204
4471.000211 -17202.785054
4481.419956 -17202.377181
4489.380596 -17201.327747
4497.174253 -17200.802049
4505.060437 -17200.744419
4512.477725 -17200.731036
4522.624215 -17200.731036
4536.518693 -17198.485584
4549.370201 -17196.064629
4560.317276 -17195.927506
4570.079897 -17195.858449
4579.203439 -17195.858449
4592.590734 -17195.858449
4611.923192 -17195.485956
4624.063474 -17195.315649
4634.214270 -17195.315649
4647.827200 -17195.315649
4667.118039 -17195.315649
4676.516231 -17195.315649
