1635.141099 -17323.740205
1637.192556 -17248.099323
1643.042216 -17218.348521
1652.238101 -17217.894466
1664.201019 -17213.222453
1677.447332 -17212.705707
1690.248244 -17193.331669
1703.943799 -17191.884411
1717.498823 -17191.031332
1730.971905 -17190.799186
1743.931249 -17190.697149
1757.120232 -17190.685268
1769.954471 -17190.343715
1783.631921 -17189.875800
1797.869359 -17189.043902
1810.745390 -17189.041853
1819.734124 -17189.041853
1833.666493 -17189.041853
1849.823688 -17189.041853
1861.483344 -17189.041853
