6598.283431 -17280.660487
6600.629463 -17213.217801
6606.766336 -17210.507570
6616.172148 -17209.988031
6627.807008 -17209.959896
6637.760642 -17193.187559
6650.928981 -17190.163073
6664.092178 -17189.806738
6676.856053 -17189.801762
6685.781591 -17189.801762
6699.979169 -17189.747366
6710.755131 -17189.747366
6726.068246 -17189.662037
6737.200770 -17189.662037
6752.375291 -17189.662037
6769.757841 -17189.302071
6782.107480 -17189.203045
6792.864962 -17188.621605
6802.510696 -17188.168001
6811.501776 -17188.168001
6824.984087 -17188.168001
6841.979548 -17188.168001
6853.683522 -17188.168001
