13166.761993 -17246.714321
13169.096909 -17208.473507
13175.779744 -17208.425162
13184.124025 -17199.785649
13191.703643 -17198.815821
13199.362170 -17198.684877
13207.277332 -17198.684834
13217.792065 -17198.684834
13231.401327 -17194.326390
13243.964428 -17194.011905
13254.143560 -17192.738908
13263.832042 -17192.738908
13277.086273 -17192.738908
13295.298951 -17192.338638
13306.669624 -17192.050811
13317.068106 -17191.538732
13326.880094 -17191.394963
13336.563486 -17191.292041
13345.917247 -17191.292041
13359.104503 -17191.292041
13376.924201 -17191.292041
13388.114748 -17191.292041
