5716.436608 -17299.431165
5719.506070 -17214.444094
5728.615244 -17214.433042
5737.877289 -17198.508824
5746.623421 -17192.870711
5753.651443 -17192.752691
5761.264674 -17192.568976
5768.672644 -17192.543780
5778.028101 -17192.543780
5790.592329 -17188.768262
5805.141574 -17188.602139
5818.547974 -17188.560576
5828.359293 -17188.560576
5841.864341 -17188.465884
5852.813775 -17188.465884
5867.539241 -17188.465884
5887.412655 -17188.429935
5901.456212 -17188.429935
5919.219474 -17188.429935
5938.532994 -17188.429935
5954.706036 -17188.429935
