10359.978011 -17277.457630
10363.876058 -17208.004013
10374.120245 -17207.752585
10383.939230 -17198.381908
10393.934446 -17195.951494
10403.335318 -17195.931127
10411.950428 -17195.928874
10423.294215 -17195.928874
10439.063973 -17195.098045
10451.947864 -17195.098045
10468.962250 -17194.598743
10484.234173 -17193.508097
10495.605247 -17193.354022
10508.264194 -17193.342263
10519.337172 -17193.342263
10534.848801 -17191.579501
10549.653194 -17191.218062
10561.421519 -17191.218062
10580.814085 -17191.040164
10596.725369 -17191.040164
10614.631552 -17191.040164
10634.115878 -17190.648093
10656.270897 -17190.535390
10674.474247 -17190.535390
10697.113376 -17190.437201
10715.994482 -17190.437201
10738.375951 -17190.437201
10763.440127 -17190.437201
10783.780523 -17190.437201
