15299.003989 -17291.223859
15301.645146 -17209.382477
15308.048610 -17201.054034
15318.735247 -17201.050456
15330.309973 -17191.571038
15342.817164 -17191.477366
15354.454727 -17191.427904
15366.624509 -17191.298216
15378.748398 -17191.280792
15390.987868 -17191.181679
15404.686805 -17191.059965
15416.549732 -17190.129472
15427.804925 -17189.718083
15439.680246 -17189.617285
15450.544676 -17188.903215
15461.151530 -17188.903215
15476.005681 -17188.903215
15493.455203 -17188.903215
15508.748635 -17188.903215
