10177.044082 -17309.717829
10179.434569 -17225.593264
10185.473774 -17216.753604
10195.930181 -17207.170026
10208.845097 -17207.149403
10220.444004 -17191.370365
10234.105462 -17190.192541
10246.482485 -17189.997361
10258.828356 -17189.914598
10271.320338 -17189.897840
10284.155238 -17189.880346
10293.933184 -17189.880346
10307.884636 -17189.853033
10319.864841 -17189.687342
10329.365965 -17189.687342
10343.283479 -17189.687342
10359.381045 -17189.594435
10370.374756 -17189.594435
10384.590878 -17189.594435
10400.275447 -17189.594435
10411.704465 -17189.594435
