10786.514004 -17312.261279
10789.050778 -17224.124397
10797.030162 -17209.237356
10809.692283 -17206.537912
10824.760303 -17206.524448
10838.755806 -17195.154802
10854.010995 -17193.884594
10869.799728 -17191.535443
10886.894471 -17191.522121
10900.810006 -17191.508653
10914.974536 -17191.501080
10926.568842 -17191.501079
10941.450872 -17191.281887
10955.378479 -17190.950613
10972.538284 -17189.106833
10986.557355 -17188.724136
10999.624031 -17188.688906
11012.435861 -17188.655840
11024.773604 -17188.655840
11041.140203 -17188.655840
11061.255545 -17188.655840
11077.829337 -17188.655840
