11283.803844 -17309.238182
11288.369540 -17217.079816
11300.277968 -17217.072155
11312.118340 -17197.606456
11329.030562 -17197.142008
11342.749194 -17196.708046
11356.951269 -17196.707344
11371.901006 -17196.707344
11390.814296 -17195.452004
11408.914317 -17190.872813
11423.365790 -17190.872813
11446.231097 -17190.872813
11468.393379 -17190.379723
11484.464006 -17190.379723
11506.028643 -17190.357669
11523.068442 -17190.357669
11541.743199 -17190.357669
11564.399953 -17190.357669
11583.382484 -17190.357669
