8789.324907 -17304.832299
8791.642532 -17229.343008
8798.234948 -17222.483826
8808.483318 -17218.080179
8820.233595 -17218.080171
8832.889727 -17218.030523
8842.916452 -17201.889929
8856.343081 -17198.913533
8869.476513 -17197.608024
8882.984770 -17196.087737
8896.846934 -17195.866264
8910.146823 -17195.839680
8923.705985 -17195.805580
8932.953559 -17195.805580
8947.979767 -17195.688655
8959.335233 -17195.466622
8969.266019 -17195.466622
8984.138170 -17195.466622
9001.193615 -17195.466622
9011.879014 -17195.466622
