11967.496039 -17290.267504
11969.795041 -17215.997133
11976.434463 -17213.990224
11988.030108 -17213.981646
11999.109665 -17207.256185
12010.473327 -17206.803165
12023.947467 -17205.942545
12035.827418 -17197.484850
12046.414066 -17197.326393
12057.335085 -17196.783432
12069.075705 -17196.561377
12080.234559 -17196.472627
12090.034081 -17196.472627
12103.564002 -17196.019450
12115.804562 -17195.031011
12125.607652 -17195.031011
12139.386327 -17194.262659
12151.340004 -17193.872762
12161.315111 -17193.872762
12174.834502 -17193.872762
12191.560776 -17193.872762
12202.316924 -17193.872762
