15711.278715 -17298.632629
15713.672586 -17218.423445
15720.835584 -17204.869666
15731.311883 -17204.867319
15741.300597 -17195.576481
15752.965550 -17191.344479
15763.566714 -17190.596754
15774.558970 -17190.502841
15785.647235 -17190.489088
15797.146851 -17190.485001
15807.119151 -17190.485001
15821.036718 -17190.474502
15833.136204 -17190.416976
15843.235671 -17190.363120
15853.171920 -17190.346915
15862.682523 -17190.346915
15875.855591 -17190.054398
15888.006497 -17188.605232
15898.926087 -17188.488671
15909.047957 -17188.488671
15922.629664 -17188.488671
15939.073400 -17188.047138
15951.728852 -17187.641074
15961.610123 -17187.641074
15975.076668 -17187.641074
15990.291020 -17187.641074
16003.130488 -17187.641074
