1863.265289 -17254.618203
1865.401775 -17213.282184
1872.278974 -17213.188985
1879.788035 -17201.662818
1888.031799 -17197.519249
1895.000705 -17197.423728
1902.280133 -17197.397293
1909.810692 -17197.393557
1919.672369 -17197.393557
1933.376414 -17197.345100
1946.199788 -17196.347610
1956.173867 -17196.347610
1970.560981 -17196.347610
1990.760330 -17195.940180
2001.418981 -17195.795901
2011.987769 -17195.105281
2021.532524 -17195.048331
2030.318031 -17195.048331
2042.863602 -17195.048331
2061.360896 -17195.048331
2072.857290 -17195.048331
