19117.630098 -17290.399174
19120.122371 -17206.955141
19127.809195 -17200.376335
19139.968827 -17200.314834
19151.857900 -17194.169982
19166.013889 -17192.352625
19178.726113 -17192.156792
19192.106416 -17191.951532
19205.606167 -17191.626418
19219.781973 -17191.315081
19232.770724 -17191.214383
19247.166040 -17191.128231
19258.878787 -17191.083706
19271.032633 -17191.083706
19289.347830 -17191.083706
19309.118929 -17191.040694
19324.546575 -17190.786117
19337.919490 -17190.247732
19349.908558 -17190.247732
19366.199652 -17190.247732
19384.808642 -17190.247732
19400.043665 -17190.247732
