16966.665338 -17305.974407
16969.163264 -17230.990195
16975.863064 -17200.250154
16987.539587 -17200.122296
16998.787143 -17192.047002
17010.918382 -17190.960856
17023.173691 -17190.713093
17035.411176 -17189.841785
17047.469700 -17189.661372
17059.521756 -17189.625841
17071.897686 -17189.590889
17083.972080 -17189.585877
17094.602674 -17189.585877
17108.879924 -17189.250092
17121.846835 -17188.014731
17131.972048 -17188.014731
17145.433431 -17188.014731
17161.788686 -17188.014731
17173.472472 -17188.014731
