19598.322793 -17305.133668
19600.815213 -17230.217500
19608.673538 -17207.160892
19620.047780 -17204.075767
19633.538638 -17203.268476
19648.013256 -17200.228473
19648.888994 -17200.139057
19662.499496 -17192.846171
19678.385264 -17191.645105
19693.095051 -17191.506508
19707.564941 -17191.398584
19722.760288 -17191.320973
19737.994609 -17190.906773
19753.165078 -17190.449939
19769.203694 -17190.424450
19785.515662 -17190.424446
19796.659296 -17190.424446
19811.927744 -17190.424446
19833.027600 -17190.424446
19848.160760 -17190.424446
