12349.609149 -17309.799241
12351.821008 -17220.118114
12357.720164 -17200.420522
12367.151341 -17200.366145
12376.302640 -17196.834716
12388.093336 -17193.946953
12399.426428 -17193.432311
12410.574493 -17193.404470
12421.786508 -17193.368699
12431.704336 -17193.368699
12445.076478 -17193.321984
12456.992479 -17193.052756
12467.046675 -17193.028736
12476.888628 -17192.200182
12487.823854 -17190.437976
12498.417844 -17190.282023
12508.062798 -17190.282023
12522.304976 -17189.195823
12533.968833 -17188.505992
12544.419334 -17188.505992
12558.612320 -17188.505992
12576.059400 -17188.162994
12587.646882 -17188.092331
12598.022537 -17188.092331
12613.303813 -17188.092331
12630.954808 -17188.092331
12640.839872 -17188.092331
