17290.740850 -17276.488402
17294.643018 -17207.530963
17304.668491 -17203.839366
17317.973719 -17200.300545
17339.308969 -17200.297881
17355.255289 -17190.382578
17371.322272 -17189.193186
17385.201163 -17188.972161
17400.604118 -17188.215126
17417.707764 -17187.817293
17434.738212 -17187.718479
17448.592729 -17187.718479
17468.473749 -17187.718479
17492.560363 -17187.718479
17510.759502 -17187.414062
17525.389876 -17186.803119
17538.295347 -17186.803119
17555.836391 -17186.803119
17576.851897 -17186.758973
17591.712586 -17186.758973
17619.095565 -17186.758973
17646.015271 -17186.758973
17662.888377 -17186.758973
