2967.938745 -17315.544605
2970.219523 -17220.038214
2977.577002 -17219.970407
2985.758374 -17196.377059
2994.286254 -17195.095639
3001.751167 -17194.920247
3010.176112 -17194.287189
3017.252868 -17194.212522
3024.609836 -17194.211315
3034.680642 -17194.211315
3047.667596 -17193.976932
3059.439720 -17193.966116
3069.141172 -17193.966116
3082.235036 -17193.945276
3093.880440 -17193.905390
3104.396724 -17193.905390
3117.237325 -17193.905390
3131.632004 -17193.905390
3143.905929 -17193.431589
3155.994994 -17193.386007
3166.057193 -17193.355154
3175.688969 -17193.355154
3188.208655 -17192.974474
3199.498209 -17191.855374
3210.709739 -17191.552926
3219.760279 -17191.552926
3232.096931 -17191.374290
3243.137620 -17191.374290
3256.296378 -17191.277846
3266.797222 -17191.277846
3280.484238 -17191.277846
3296.174446 -17191.277846
3308.533558 -17191.277846
