12075.889029 -17356.752727
12079.006924 -17220.438316
12088.588161 -17208.226404
12105.313384 -17208.215516
12118.199405 -17196.943772
12136.211873 -17194.357239
12157.932388 -17194.077934
12174.968611 -17194.076601
12190.666016 -17194.076601
12211.873911 -17194.076601
12238.456589 -17192.942040
12257.426629 -17192.701060
12273.454062 -17192.366869
12290.523810 -17192.354368
12303.880902 -17192.354368
12321.136210 -17192.354368
12341.316623 -17192.232100
12357.816568 -17192.232100
12376.026958 -17192.232100
12395.862560 -17192.232100
12412.830399 -17192.232100
