9014.165421 -17302.600217
9016.511379 -17232.794404
9022.998948 -17208.418784
9032.783564 -17208.370190
9042.641365 -17193.272607
9053.870901 -17190.782881
9064.129157 -17190.349895
9074.319711 -17190.232023
9084.824750 -17190.221464
9095.458703 -17189.971517
9106.542799 -17189.354548
9117.478706 -17189.308494
9127.314385 -17188.726846
9136.663193 -17188.726846
9149.490559 -17188.726846
9165.893080 -17188.289625
9177.202866 -17188.158226
9186.848971 -17188.158226
9199.647132 -17188.158226
9215.814844 -17188.158226
9227.856088 -17188.158226
