21049.034165 -17261.456552
21051.433007 -17209.446610
21058.314066 -17205.568897
21070.942126 -17205.374708
21083.597841 -17197.388700
21097.163643 -17193.541275
21109.791140 -17193.191134
21122.650010 -17192.868857
21136.449743 -17192.000451
21149.566381 -17191.994703
21160.616682 -17191.994703
21176.573660 -17191.994703
21196.848798 -17191.673870
21210.919093 -17191.416199
21222.925620 -17191.359000
21234.855596 -17191.010437
21246.718874 -17190.127842
21257.836774 -17190.127842
21274.334211 -17190.127842
21295.390967 -17190.127842
21308.464677 -17190.127842
