18167.694992 -17274.764763
18170.230260 -17214.626609
18178.981396 -17204.170811
18193.492176 -17204.117931
18206.322638 -17199.253655
18219.321418 -17199.024951
18233.365656 -17198.900813
18248.458909 -17197.824459
18263.351560 -17197.702792
18278.216579 -17197.681324
18290.012515 -17197.681324
18308.277971 -17197.454248
18323.343504 -17194.024161
18336.756205 -17193.632212
18348.840311 -17193.538237
18361.131072 -17193.538237
18380.672450 -17193.377323
18397.058992 -17193.328282
18410.383374 -17193.328282
18429.284822 -17192.880651
18443.977368 -17191.917834
18456.458181 -17190.628148
18467.833653 -17190.577786
18481.171431 -17187.825729
18493.219119 -17187.825729
18511.069930 -17187.825729
18538.330856 -17187.825729
18551.078059 -17187.825729
