7832.388804 -17269.918899
7834.646400 -17218.236972
7840.498829 -17209.336196
7850.025586 -17206.002293
7861.685573 -17204.071469
7874.378526 -17203.781453
7886.191348 -17195.635757
7899.856076 -17194.283933
7912.403363 -17193.053685
7924.723378 -17192.776524
7938.758300 -17191.695323
7951.555443 -17191.593668
7960.877695 -17191.464177
7969.692461 -17191.464177
7983.419943 -17191.224173
7994.012341 -17191.224173
8008.139986 -17191.003343
8018.933751 -17190.960835
8028.493160 -17190.949549
8037.935181 -17190.949549
8051.122211 -17190.949549
8067.367414 -17190.949549
8079.396652 -17190.949549
