8838.308038 -17294.720102
8842.637723 -17214.024985
8856.309398 -17213.845396
8865.898639 -17202.701845
8874.855221 -17200.306281
8882.800904 -17199.589530
8891.624484 -17199.053164
8899.449686 -17199.013532
8908.114470 -17199.013380
8920.564185 -17199.013380
8936.015117 -17196.104778
8948.438878 -17195.142234
8959.399276 -17194.996861
8970.026545 -17194.889854
8981.593515 -17194.784344
8993.841660 -17194.737042
9008.707380 -17194.720620
9022.365481 -17194.720620
9041.903761 -17194.668684
9057.580474 -17194.280616
9072.995021 -17194.119525
9089.964145 -17193.763077
9107.568402 -17193.558380
9123.189585 -17193.558380
9145.928566 -17193.558380
9169.675421 -17193.558380
9182.969058 -17193.558380
