2313.557141 -17318.037101
2315.953968 -17211.116632
2322.611120 -17210.414122
2333.489567 -17210.405477
2344.352492 -17192.340170
2356.149604 -17190.784747
2368.527594 -17189.639689
2380.624284 -17189.607232
2392.807033 -17189.161983
2405.161448 -17189.136943
2417.444310 -17189.130140
2427.755854 -17188.379920
2437.832600 -17188.369398
2447.643929 -17188.369398
2461.803314 -17188.369398
2477.121133 -17188.160422
2489.938775 -17187.942295
2501.018069 -17187.500871
2510.550326 -17187.500871
2524.373264 -17187.500871
2539.999192 -17187.500871
2551.568592 -17187.500871
