10584.019800 -17337.602151
10586.358713 -17228.683309
10592.224493 -17205.199206
10601.635478 -17205.182114
10610.945489 -17192.153550
10622.437751 -17190.612789
10632.994149 -17190.512923
10643.374491 -17190.481995
10654.048879 -17190.481432
10663.797440 -17190.072490
10673.119788 -17190.072490
10685.720743 -17190.072490
10702.505096 -17190.072490
10715.082476 -17190.044120
10727.248814 -17188.899010
10738.126329 -17188.825224
10747.723438 -17188.825224
10760.527578 -17188.825224
10777.300414 -17188.825224
10790.037867 -17188.825224
