16139.868036 -17276.932872
16142.162658 -17214.507743
16147.959539 -17202.830127
16156.856618 -17200.436798
16168.474998 -17200.373315
16179.596103 -17196.288481
16191.495676 -17195.000882
16205.741229 -17194.298763
16219.796143 -17192.867374
16233.909791 -17192.572341
16247.124838 -17192.467831
16259.289564 -17192.454407
16268.976018 -17192.454407
16281.818106 -17192.407673
16293.208401 -17192.177542
16303.143067 -17192.177542
16316.084685 -17192.177542
16331.798363 -17192.177542
16344.786635 -17192.177542
