2930.986053 -17270.675545
2932.995901 -17228.364080
2938.328592 -17220.561200
2946.776794 -17220.496431
2956.709760 -17197.050626
2968.106594 -17196.230634
2979.593273 -17195.929031
2990.032544 -17195.600877
3002.198726 -17194.511500
3013.329513 -17193.911269
3022.728029 -17193.827921
3032.409965 -17193.799753
3042.649577 -17193.537077
3053.632773 -17192.472771
3064.927196 -17192.159098
3075.470774 -17192.139370
3084.894371 -17191.943267
3093.615469 -17191.829701
3102.454537 -17191.829701
3115.381643 -17191.829701
3131.225964 -17191.829701
3143.409729 -17191.829701
